SAD for 1=1155.678431372549
SAD for 2=1240.5411764705882
SAD 3 = 5880

SAD-5 = 668.5019607843137 in 39840pixels 
SAD-6 = 1966.2156862745098 in 48720pixels 
SAD-7 = 2111.1607843137253 in 44400pixels 
SAD-12 = 811.9529411764706 in 37920pixels 
SAD-14 = 1310.870588235294 in 38160pixels 
SAD-15 = 1589.0627450980392 in 35280pixels 
