SAD-1 = 164.05205644521365 in 35760 pixels 
SAD-1 = 1719.04059336033 in 397600 pixels 
