SAD-12 = 177.769202322951 in 37920 pixels 
SAD-12 = 177.769202322951 in 37920 pixels 
