SAD-14 = 214.80090581046653 in 38160 pixels 
SAD-14 = 214.80090581046653 in 38160 pixels 
