SAD-6 = 320.8781033253458 in 48720 pixels 
SAD-6 = 320.8781033253458 in 48720 pixels 
