SAD-7 = 262.72857416185457 in 44400 pixels 
SAD-7 = 262.72857416185457 in 44400 pixels 
